1000000000000037
1000000000000091
1000000000000159
1000000000000187
1000000000000223
1000000000000241
1000000000000249
1000000000000259
1000000000000273
1000000000000279
1000000000000297
1000000000000357
1000000000000399
1000000000000403
1000000000000487
1000000000000513
1000000000000613
1000000000000711
1000000000000741
1000000000000783
1000000000000811
1000000000000843
1000000000000873
1000000000000921
1000000000001003
1000000000001027
1000000000001063
1000000000001089
1000000000001117
1000000000001209
